1 0.285680 0.355008 0.058277 0.032514
1 0.276916 0.296243 0.056856 0.037578
1 0.282364 0.328624 0.056382 0.030915
1 0.376886 0.309835 0.057803 0.044507
1 0.421659 0.303305 0.051644 0.040510
1 0.468092 0.306903 0.048801 0.035979
1 0.543434 0.320911 0.058258 0.062396
1 0.617767 0.351804 0.087243 0.052390
1 0.140035 0.331844 0.041852 0.022876
1 0.148327 0.352721 0.029612 0.019766
1 0.187020 0.331067 0.053302 0.029316
1 0.188402 0.354165 0.041852 0.026207
1 0.097129 0.540143 0.066521 0.042215
1 0.049939 0.536625 0.044916 0.034540
1 0.171894 0.522393 0.044347 0.032941
1 0.169051 0.552616 0.048896 0.035819
1 0.814521 0.294987 0.048441 0.039529
1 0.227640 0.296909 0.049275 0.042109
1 0.183103 0.295176 0.047380 0.042375
1 0.135297 0.301306 0.052118 0.033580