0 0.726047 0.490995 0.026893 0.045381
0 0.398494 0.534864 0.083905 0.100444
0 0.455506 0.556647 0.038725 0.082292
0 0.328573 0.537587 0.055937 0.093788
0 0.403872 0.455295 0.083905 0.099839
0 0.463037 0.479801 0.038725 0.066559
0 0.457119 0.397813 0.033347 0.068375
0 0.403872 0.375727 0.079602 0.085922
0 0.404948 0.305840 0.083905 0.081687
0 0.496384 0.363020 0.058088 0.070190
0 0.613635 0.405678 0.038725 0.052642
0 0.644293 0.410217 0.046255 0.065349
0 0.687859 0.425344 0.036574 0.053248
0 0.651286 0.463464 0.040877 0.059298
0 0.691624 0.474658 0.039801 0.053853
0 0.694313 0.533957 0.027968 0.064744
0 0.728198 0.547269 0.033347 0.067164
0 0.255425 0.431697 0.107571 0.108310
0 0.273173 0.352128 0.104344 0.104075
0 0.290923 0.282846 0.103268 0.099839
0 0.096758 0.319757 0.091435 0.085317
0 0.140862 0.415662 0.076375 0.087132