1 0.681276 0.211132 0.054581 0.054880
1 0.595828 0.310128 0.090969 0.053036
1 0.722782 0.331196 0.032266 0.037549
1 0.245259 0.275277 0.088442 0.055523
1 0.320473 0.281830 0.068306 0.053524
1 0.378908 0.289158 0.065937 0.058854
1 0.433197 0.295155 0.065542 0.055301
1 0.286320 0.322027 0.101866 0.057522
1 0.364891 0.330090 0.071070 0.050104
1 0.424314 0.338641 0.062778 0.041531
1 0.208540 0.313544 0.071859 0.052636
1 0.625328 0.205759 0.055946 0.052577
1 0.560513 0.201346 0.076414 0.051426
1 0.427472 0.222837 0.077779 0.057566
1 0.502084 0.570635 0.061389 0.042948
1 0.435591 0.580822 0.081872 0.042983
1 0.618165 0.245864 0.057993 0.048356
1 0.668653 0.250085 0.053899 0.042983
1 0.717775 0.258336 0.051170 0.044134
1 0.724599 0.224756 0.045712 0.044518