0 0.649496 0.683055 0.208817 0.177622
0 0.443224 0.646290 0.234283 0.186217
0 0.165215 0.469033 0.161349 0.180143
0 0.805133 0.822254 0.240567 0.114064
0 0.289583 0.633875 0.171468 0.167117
0 0.635334 0.826895 0.242866 0.110085
0 0.237553 0.787835 0.267624 0.196297
0 0.434902 0.808989 0.254640 0.152528
0 0.347153 0.290427 0.252361 0.176948
0 0.717403 0.360280 0.193538 0.151838
0 0.544237 0.315874 0.210515 0.166162
0 0.320581 0.463834 0.188445 0.172847
0 0.448317 0.471055 0.222399 0.180487
0 0.669018 0.517848 0.205422 0.170937
0 0.849823 0.536470 0.176561 0.141334
0 0.834035 0.688308 0.198631 0.164253