1 0.714804 0.376059 0.084264 0.063534
1 0.547622 0.338494 0.052889 0.073114
1 0.596477 0.503127 0.044821 0.078661
1 0.635919 0.416398 0.030478 0.063534
1 0.628299 0.344040 0.042132 0.058996
1 0.740800 0.275212 0.098607 0.030254
1 0.825961 0.279245 0.112949 0.032271
1 0.718839 0.314038 0.086953 0.064542
1 0.593339 0.356142 0.047510 0.067064
1 0.467339 0.384440 0.040877 0.076241
1 0.453355 0.313947 0.062391 0.065954
1 0.513595 0.434662 0.047331 0.073820
1 0.514133 0.359631 0.052710 0.072610
1 0.557483 0.508170 0.036753 0.071602
1 0.604992 0.583301 0.036753 0.061517
1 0.553896 0.431777 0.040339 0.069081
1 0.596477 0.427996 0.044821 0.065551
1 0.709875 0.505648 0.083367 0.068576
1 0.712115 0.438585 0.080678 0.063534
1 0.799517 0.382362 0.081574 0.064038