1 0.362422 0.692808 0.054036 0.049737
1 0.233474 0.635241 0.105615 0.058027
1 0.168386 0.625110 0.045848 0.072764
1 0.628142 0.265925 0.109643 0.124675
1 0.517320 0.247024 0.128507 0.129317
1 0.316591 0.637775 0.055706 0.065856
1 0.621547 0.656643 0.041755 0.053910
1 0.576927 0.653666 0.057310 0.061706
1 0.507327 0.651120 0.088403 0.059428
1 0.318211 0.695802 0.037661 0.040987
1 0.274410 0.692118 0.043392 0.048356
1 0.219966 0.690276 0.055673 0.041908
1 0.172070 0.688894 0.036842 0.042829
1 0.665759 0.653670 0.048305 0.061723
1 0.847515 0.531162 0.102340 0.050658
1 0.418914 0.686591 0.075322 0.065856