1 0.497441 0.881283 0.068220 0.169027
1 0.372551 0.962845 0.058014 0.074311
1 0.329578 0.962367 0.046196 0.075266
1 0.283113 0.934285 0.059625 0.120325
1 0.281502 0.813482 0.062848 0.136559
1 0.202807 0.897041 0.056939 0.118415
1 0.395649 0.679788 0.074129 0.172847
1 0.428147 0.968574 0.062848 0.062851
1 0.139422 0.435797 0.088095 0.177622
1 0.076573 0.621058 0.065534 0.154703
1 0.074694 0.495959 0.066071 0.147063
1 0.091345 0.749022 0.035990 0.124144
1 0.107460 0.845950 0.063922 0.111730
1 0.170040 0.769077 0.041899 0.139424
1 0.160102 0.876509 0.049956 0.104090
1 0.381951 0.506941 0.061774 0.205316
1 0.676836 0.929031 0.075704 0.138469