1 0.621315 0.214056 0.071816 0.072610
1 0.201350 0.250906 0.083105 0.068072
1 0.202910 0.303095 0.083956 0.060509
1 0.201917 0.343938 0.081970 0.052441
1 0.112272 0.357945 0.087813 0.049012
1 0.473763 0.436553 0.055138 0.054495
1 0.471720 0.390827 0.056772 0.055910
1 0.236805 0.430465 0.032051 0.057987
1 0.612018 0.337458 0.037576 0.055184
1 0.614468 0.426769 0.035125 0.047923
1 0.543401 0.424590 0.086588 0.062445
1 0.541563 0.368681 0.087813 0.076967
1 0.208867 0.432483 0.030065 0.055970
1 0.233685 0.483410 0.032618 0.061013
1 0.199790 0.487696 0.035171 0.061517
1 0.114654 0.271720 0.090536 0.050827
1 0.116526 0.311958 0.091557 0.057483
1 0.487724 0.178052 0.059223 0.056273
1 0.494701 0.212240 0.065009 0.043566
1 0.496913 0.243100 0.059903 0.045986
1 0.496913 0.287271 0.061265 0.054458
1 0.556476 0.242495 0.060584 0.047197
1 0.557497 0.277892 0.057861 0.056273
1 0.613486 0.168070 0.065690 0.044776
1 0.621825 0.270632 0.070114 0.064744