1 0.389107 0.239003 0.030961 0.099475
1 0.353374 0.145013 0.052642 0.082126
1 0.351617 0.235688 0.047002 0.106106
1 0.350871 0.339141 0.047748 0.111412
1 0.390786 0.154450 0.028350 0.080243
1 0.391718 0.342789 0.033946 0.101464
1 0.419167 0.232892 0.038857 0.103343
1 0.463588 0.219406 0.045074 0.096711
1 0.460635 0.318604 0.047250 0.102790
1 0.419136 0.330210 0.040101 0.098369
1 0.457837 0.411116 0.042277 0.097264
1 0.457526 0.501749 0.044142 0.097264
1 0.422866 0.527722 0.046940 0.102790
1 0.389138 0.539328 0.036681 0.106106
1 0.387583 0.439853 0.036681 0.095054
1 0.489078 0.360273 0.035127 0.088422
1 0.495078 0.266215 0.027977 0.100580