0 0.738537 0.565580 0.130879 0.108938
0 0.469817 0.457508 0.178218 0.318482
0 0.605801 0.309076 0.132735 0.116997
0 0.607658 0.405611 0.134592 0.135479
0 0.616476 0.540099 0.152228 0.146700
0 0.737145 0.444389 0.141089 0.136799
0 0.738536 0.314851 0.138304 0.132178
1 0.072540 0.820853 0.139233 0.338571
1 0.244724 0.788449 0.193998 0.184653
1 0.208988 0.935520 0.144802 0.128961
1 0.370963 0.931394 0.205136 0.137211
1 0.409019 0.796617 0.149443 0.145215
1 0.517621 0.816419 0.088181 0.231023
1 0.517156 0.963490 0.107673 0.073020
1 0.622509 0.743846 0.123453 0.168248