1 0.102861 0.449555 0.205721 0.100138
1 0.785394 0.421154 0.036956 0.040504
1 0.726347 0.464995 0.085639 0.037041
1 0.723090 0.424887 0.088600 0.043708
0 0.145005 0.562631 0.142654 0.147237
0 0.236373 0.550687 0.117896 0.153854
1 0.226942 0.437286 0.134401 0.094169
1 0.810506 0.419158 0.029375 0.035979
1 0.812400 0.454336 0.030323 0.043441
1 0.778762 0.460200 0.034113 0.039710
1 0.767139 0.496772 0.126834 0.042225
1 0.847748 0.416068 0.058675 0.033005
1 0.847748 0.453103 0.061404 0.041832
1 0.851501 0.483997 0.062086 0.036075