0 0.357438 0.491155 0.031054 0.109159
0 0.392021 0.489335 0.028231 0.125345
0 0.424486 0.487390 0.036700 0.131744
0 0.470714 0.486261 0.041641 0.141782
0 0.538822 0.474843 0.066343 0.146801
0 0.669036 0.644919 0.072694 0.067629
0 0.599165 0.633061 0.071283 0.069009
0 0.535293 0.619762 0.056462 0.070263
0 0.495769 0.617315 0.028231 0.057842
0 0.437896 0.616060 0.047992 0.062861
0 0.390962 0.602949 0.041641 0.053952
0 0.501768 0.685634 0.041641 0.094103
0 0.566346 0.697051 0.032465 0.091593
0 0.645040 0.715182 0.045875 0.100251
0 0.685623 0.722711 0.043758 0.100502