1 0.401547 0.274346 0.150907 0.051064
1 0.225291 0.080040 0.295919 0.073611
1 0.223523 0.136740 0.306529 0.061011
1 0.446346 0.128782 0.176844 0.106106
1 0.601969 0.142046 0.146191 0.100801
1 0.037487 0.127770 0.074974 0.060383
1 0.041613 0.067107 0.083226 0.066316
1 0.091719 0.214656 0.183438 0.082907
1 0.243565 0.217314 0.162696 0.063001
1 0.247691 0.264399 0.173307 0.031169
1 0.264197 0.304521 0.208676 0.057032
1 0.392114 0.231573 0.169770 0.045095
1 0.421587 0.308831 0.134401 0.023211
1 0.513547 0.229583 0.106106 0.045095
1 0.527694 0.274346 0.115538 0.047085
1 0.535357 0.305515 0.112001 0.025863
1 0.640874 0.302531 0.108464 0.037137