1 0.895325 0.723204 0.071070 0.034540
1 0.578973 0.719519 0.037661 0.035921
1 0.686226 0.646525 0.075322 0.053882
1 0.697690 0.691196 0.058948 0.035461
1 0.702601 0.722972 0.049123 0.033619
1 0.807807 0.642610 0.061404 0.052501
1 0.859386 0.644913 0.074504 0.046974
1 0.924476 0.649058 0.076960 0.042369
1 0.969914 0.641459 0.053217 0.043750
1 0.756227 0.687282 0.064679 0.039606
1 0.765642 0.723664 0.076960 0.032237
1 0.815586 0.686591 0.065498 0.037303
1 0.877628 0.688967 0.073685 0.042000
1 0.952786 0.688415 0.084492 0.037579
1 0.569559 0.639848 0.046667 0.051579
1 0.955243 0.722126 0.075650 0.036474
1 0.836556 0.723464 0.067443 0.033853