1 0.356326 0.452512 0.174265 0.039331
1 0.588141 0.453722 0.128009 0.040541
1 0.729059 0.485489 0.151675 0.039936
1 0.856531 0.485489 0.107571 0.037515
1 0.857068 0.449487 0.102192 0.035700
1 0.854379 0.412879 0.105419 0.039936
1 0.733900 0.411366 0.141993 0.038120
1 0.590830 0.411669 0.135539 0.049617
1 0.879657 0.283996 0.069921 0.050827
1 0.821032 0.285206 0.060240 0.039936
1 0.772625 0.359329 0.064542 0.032070
1 0.626329 0.314553 0.081754 0.040541
1 0.771012 0.324537 0.067770 0.036305
1 0.840395 0.321208 0.073148 0.035700
1 0.839319 0.359631 0.073148 0.036305
1 0.729597 0.449184 0.154902 0.038725
1 0.594058 0.489725 0.131236 0.038725
1 0.478957 0.474900 0.073148 0.092578
1 0.156783 0.652796 0.276457 0.062324
1 0.406346 0.632828 0.231277 0.052642
1 0.356326 0.491540 0.169962 0.044776
1 0.155707 0.555377 0.282911 0.058693
1 0.148177 0.602574 0.280760 0.052642