1 0.649004 0.373737 0.055946 0.066777
1 0.054337 0.215007 0.081053 0.075527
1 0.118279 0.228962 0.084328 0.062632
1 0.063016 0.274324 0.090059 0.069540
1 0.132608 0.289291 0.083510 0.059869
1 0.825710 0.299861 0.050488 0.054880
1 0.782046 0.293145 0.049123 0.055264
1 0.742134 0.282783 0.044347 0.042983
1 0.747591 0.328069 0.044347 0.046821
1 0.744179 0.376232 0.041618 0.060253
1 0.698809 0.376040 0.053217 0.055264
1 0.100988 0.172970 0.125756 0.071290
1 0.656508 0.323655 0.055946 0.044902
1 0.604314 0.307920 0.055261 0.054112
1 0.602609 0.362033 0.053217 0.064858
0 0.519126 0.269350 0.161124 0.126001
0 0.538499 0.349939 0.139296 0.048784