0 0.633353 0.087457 0.148515 0.152640
1 0.080082 0.443173 0.160163 0.338569
1 0.180770 0.394636 0.050124 0.182178
1 0.269322 0.403575 0.173762 0.168260
1 0.232565 0.554041 0.149257 0.140594
1 0.393517 0.541170 0.217203 0.201980
1 0.431388 0.405526 0.154827 0.152475
1 0.533307 0.367903 0.098020 0.227723
0 0.761719 0.026196 0.130028 0.052391
1 0.536649 0.567902 0.102475 0.188119
0 0.764464 0.101209 0.127630 0.108636
1 0.641351 0.291666 0.133663 0.154455
1 0.474272 0.841872 0.251733 0.316256
1 0.661401 0.864653 0.129208 0.270694
1 0.788950 0.880775 0.123663 0.227723
1 0.293270 0.793645 0.157054 0.243564
1 0.288257 0.958704 0.147030 0.082593
1 0.107371 0.802235 0.214742 0.248863
1 0.111270 0.955733 0.222539 0.088534
0 0.479038 0.089109 0.185644 0.177393