1 0.432504 0.273910 0.080235 0.050198
1 0.507827 0.274601 0.083510 0.050658
1 0.577827 0.273449 0.076141 0.050198
1 0.644554 0.278054 0.049123 0.044671
1 0.642098 0.239369 0.080235 0.053882
1 0.571278 0.236606 0.066316 0.034540
1 0.578238 0.204830 0.065498 0.043750
1 0.643735 0.196540 0.067135 0.041908
1 0.586834 0.166145 0.092516 0.040987
1 0.721397 0.822783 0.099033 0.074274
1 0.364550 0.179961 0.067135 0.066777
1 0.506190 0.174896 0.063860 0.070461
1 0.432095 0.179040 0.074504 0.065856
1 0.429640 0.229698 0.066316 0.045593
1 0.361686 0.232461 0.069591 0.040066
1 0.361276 0.274600 0.072047 0.047895
1 0.500458 0.227396 0.075322 0.045593