1 0.407842 0.721711 0.064997 0.056342
1 0.411334 0.783306 0.064460 0.057297
1 0.218439 0.597152 0.050583 0.107433
1 0.212843 0.687873 0.046554 0.088333
1 0.260292 0.681109 0.054612 0.111412
1 0.164507 0.686377 0.046733 0.086901
1 0.164239 0.760385 0.044047 0.080216
1 0.466662 0.778054 0.069831 0.062072
1 0.458336 0.711207 0.055328 0.063982
1 0.457799 0.644359 0.066071 0.075442
1 0.211778 0.764683 0.052105 0.075442
1 0.259585 0.771846 0.053179 0.072577
1 0.307124 0.584198 0.074129 0.075442
1 0.310616 0.651522 0.062848 0.076397
1 0.307662 0.722189 0.063385 0.066847
1 0.314376 0.778053 0.058551 0.050613
1 0.358957 0.606161 0.042444 0.094543
1 0.361109 0.694972 0.043510 0.079261
1 0.361109 0.773756 0.042436 0.068757
1 0.404619 0.588971 0.060699 0.065892
1 0.405425 0.659161 0.049419 0.066847
1 0.460753 0.576523 0.063385 0.073601