0 0.220485 0.814361 0.263144 0.212000
0 0.335877 0.316192 0.234613 0.189002
0 0.530406 0.337408 0.203960 0.173097
0 0.687796 0.382177 0.186275 0.149875
0 0.143241 0.492351 0.120537 0.168072
0 0.277359 0.492828 0.154491 0.165208
0 0.440338 0.494737 0.222399 0.178577
0 0.658494 0.542486 0.210515 0.174757
0 0.820624 0.554900 0.154491 0.144198
0 0.816303 0.707602 0.182739 0.164484
0 0.640049 0.703281 0.226360 0.182370
0 0.435500 0.668465 0.251118 0.181707
0 0.294025 0.658186 0.213392 0.170433
0 0.138992 0.645586 0.120254 0.141254
0 0.412326 0.830119 0.256353 0.155658
0 0.613490 0.845378 0.227464 0.105962
0 0.788368 0.843494 0.268237 0.123203