1 0.309380 0.246676 0.056080 0.091676
1 0.339076 0.874885 0.081022 0.085946
1 0.263649 0.882048 0.069831 0.106637
1 0.227615 0.951767 0.115042 0.096465
1 0.157900 0.281627 0.056080 0.104281
1 0.105365 0.277617 0.042543 0.084800
1 0.110845 0.195109 0.045766 0.096260
1 0.189486 0.434611 0.032874 0.082508
1 0.194965 0.363563 0.033519 0.077924
1 0.192063 0.291369 0.034164 0.073341
1 0.195609 0.216309 0.029651 0.079070
1 0.159511 0.195682 0.047700 0.074487
1 0.342899 0.448363 0.128275 0.093968
1 0.337437 0.345228 0.126376 0.105427
1 0.371584 0.247822 0.067038 0.112303
1 0.246855 0.272690 0.076062 0.107719
1 0.054358 0.954047 0.038092 0.088295
1 0.089743 0.950884 0.035363 0.083559
1 0.134059 0.954863 0.065802 0.077192
1 0.195608 0.875283 0.075203 0.120165
1 0.054357 0.848226 0.020188 0.107433
1 0.090191 0.863347 0.044316 0.099475