1 0.939300 0.277198 0.121400 0.055706
1 0.954155 0.228654 0.091690 0.044565
0 0.541606 0.369975 0.148549 0.053053
0 0.458490 0.239000 0.178023 0.057695
0 0.433731 0.272158 0.156802 0.040453
0 0.551627 0.325875 0.161517 0.047085
0 0.400720 0.307308 0.170949 0.036478
0 0.389521 0.350080 0.176844 0.050400
0 0.382446 0.393518 0.188633 0.047085
0 0.368299 0.430654 0.172128 0.047085
0 0.362994 0.480723 0.152086 0.050400
0 0.553395 0.283432 0.160338 0.049737
1 0.679120 0.277994 0.135816 0.050931
1 0.829790 0.236623 0.165526 0.060504
1 0.829789 0.297490 0.151378 0.050135
1 0.821302 0.340464 0.165526 0.048544
1 0.816350 0.402934 0.203724 0.063664
1 0.809277 0.460242 0.206554 0.049361
1 0.951325 0.449886 0.097350 0.055706
1 0.947788 0.393782 0.104424 0.066051
1 0.942837 0.330119 0.114327 0.061276