1 0.735242 0.460766 0.031335 0.100801
1 0.259541 0.401003 0.032640 0.071843
1 0.282234 0.468148 0.081756 0.060237
1 0.312697 0.406806 0.076782 0.072395
1 0.358083 0.470911 0.071808 0.059132
1 0.369896 0.411779 0.037614 0.069080
1 0.402225 0.414252 0.035127 0.078504
1 0.409219 0.476990 0.026112 0.059132
1 0.434399 0.478925 0.025490 0.058580
1 0.510715 0.426944 0.014548 0.070959
1 0.628592 0.434244 0.057074 0.052378
1 0.724051 0.368586 0.046256 0.075601
1 0.732254 0.548304 0.035805 0.100801
1 0.727669 0.647048 0.034916 0.097883
1 0.721253 0.745794 0.036930 0.094832
1 0.704840 0.771956 0.038422 0.100735
1 0.684136 0.790888 0.020146 0.073611
1 0.700177 0.677156 0.023874 0.091517
0 0.705405 0.553144 0.021138 0.096711
0 0.704783 0.458367 0.018651 0.095054
0 0.694836 0.374918 0.028599 0.068527