1 0.832397 0.305886 0.063451 0.061788
0 0.525717 0.279214 0.147370 0.134321
0 0.546868 0.355398 0.129631 0.049516
1 0.109944 0.179778 0.130995 0.072917
1 0.711295 0.331407 0.046394 0.049123
1 0.062868 0.222376 0.075049 0.079058
1 0.129730 0.237343 0.085966 0.062172
1 0.074125 0.281670 0.086648 0.066393
1 0.139964 0.292416 0.088695 0.064858
1 0.846725 0.358080 0.034796 0.042599
1 0.811588 0.349445 0.039572 0.045286
1 0.782592 0.298019 0.042983 0.053729
1 0.750525 0.293030 0.034796 0.040680
1 0.709930 0.384177 0.051852 0.063323
1 0.659441 0.380722 0.058675 0.070998
1 0.607931 0.369977 0.049806 0.061020
1 0.611683 0.314329 0.051852 0.057950