0 0.162546 0.305886 0.120079 0.028399
1 0.347031 0.288693 0.074504 0.034079
1 0.356036 0.318626 0.077779 0.029474
1 0.408025 0.296061 0.063860 0.029474
1 0.414984 0.320008 0.071229 0.034079
1 0.429311 0.345798 0.067135 0.030395
1 0.451418 0.377115 0.081872 0.025790
1 0.460014 0.402674 0.077779 0.024408
1 0.393289 0.402213 0.088422 0.022566
1 0.384283 0.374121 0.078597 0.029934
1 0.374048 0.346720 0.082691 0.034079
1 0.292176 0.293758 0.066316 0.027632
1 0.295861 0.318857 0.060585 0.029013
1 0.309779 0.345338 0.052398 0.027632
1 0.318376 0.371588 0.061404 0.029474
1 0.270071 0.395535 0.076141 0.024869
1 0.326972 0.399911 0.057310 0.019803
0 0.258200 0.271692 0.113256 0.049507
0 0.123658 0.233928 0.148734 0.036459
0 0.115470 0.265206 0.171931 0.035307
0 0.133550 0.287465 0.134407 0.033772
0 0.171075 0.335053 0.122126 0.030702
0 0.172781 0.360767 0.124173 0.032237
0 0.193247 0.391084 0.087330 0.024562
0 0.236573 0.305694 0.066180 0.034924
0 0.245783 0.338123 0.075049 0.033005
0 0.221562 0.279022 0.062086 0.023027