1 0.144251 0.682063 0.063042 0.122685
1 0.985142 0.334113 0.029716 0.128346
1 0.986431 0.463604 0.027138 0.137514
1 0.168536 0.374393 0.125159 0.138469
1 0.203563 0.688032 0.060058 0.098811
1 0.094637 0.453272 0.063042 0.133296
1 0.032491 0.459903 0.064981 0.134622
1 0.197966 0.586237 0.060804 0.116717
1 0.973906 0.208674 0.052187 0.120152
1 0.986431 0.608567 0.027138 0.150119
1 0.042437 0.713132 0.057198 0.075711
1 0.985203 0.754867 0.029594 0.133663
1 0.041194 0.639080 0.056576 0.074606
1 0.097148 0.635210 0.051602 0.070185
1 0.099946 0.565855 0.051602 0.067422
1 0.094506 0.711197 0.050670 0.077369
1 0.176325 0.481635 0.107433 0.095114