1 0.283552 0.624001 0.312902 0.208246
1 0.584062 0.860565 0.266431 0.270110
1 0.458798 0.402277 0.216863 0.098024
1 0.645324 0.388481 0.205245 0.127068
1 0.782800 0.274120 0.240098 0.110368
1 0.264525 0.400099 0.231062 0.135781
1 0.574328 0.220751 0.194918 0.122711
1 0.400063 0.200421 0.202663 0.080597
1 0.401999 0.141243 0.165229 0.056636
1 0.289749 0.497223 0.254039 0.108044
1 0.512032 0.496787 0.215314 0.117629
1 0.700238 0.512035 0.244745 0.108044
1 0.790856 0.627050 0.289666 0.165551
1 0.566249 0.640992 0.292765 0.186463