1 0.358477 0.409137 0.087401 0.047062
1 0.283028 0.362916 0.099354 0.047062
1 0.270702 0.405776 0.091136 0.044541
1 0.688061 0.343586 0.152392 0.031515
1 0.524464 0.336233 0.082172 0.052945
1 0.581612 0.348629 0.067979 0.039078
1 0.819911 0.263244 0.100101 0.031515
1 0.823273 0.290977 0.075449 0.035717
1 0.749317 0.285725 0.076943 0.051264
1 0.617842 0.286985 0.060509 0.030254
1 0.618588 0.253580 0.060509 0.037398
1 0.556213 0.284255 0.062750 0.033196
1 0.556960 0.250218 0.061256 0.038238
1 0.553225 0.209459 0.059762 0.042440
1 0.615228 0.212820 0.056773 0.041600