1 0.439585 0.365743 0.132312 0.049012
1 0.341445 0.029109 0.151645 0.044541
1 0.086324 0.061324 0.095738 0.050222
1 0.937035 0.335518 0.125930 0.039078
1 0.434493 0.472973 0.121017 0.061013
1 0.942824 0.166977 0.114351 0.057987
1 0.949921 0.116763 0.100159 0.053365
1 0.846057 0.102266 0.109065 0.052105
1 0.844562 0.040497 0.119523 0.073955
1 0.550580 0.472217 0.134463 0.062525
1 0.685820 0.037556 0.214394 0.063030
1 0.839707 0.162775 0.115788 0.074795
1 0.694411 0.086089 0.216636 0.054206
1 0.577876 0.268245 0.152392 0.049583
1 0.696279 0.275808 0.124752 0.043701
1 0.683954 0.320770 0.124005 0.052945
1 0.570406 0.320139 0.137452 0.061769
1 0.124331 0.260589 0.127292 0.043869
1 0.033857 0.290712 0.067714 0.059903
1 0.036546 0.216892 0.073092 0.086527