1 0.450313 0.608293 0.116833 0.094700
1 0.450314 0.533090 0.118624 0.113003
1 0.608532 0.613629 0.034972 0.084047
1 0.606024 0.521645 0.026485 0.103454
1 0.580471 0.423827 0.064907 0.092180
1 0.194489 0.605906 0.133396 0.091517
1 0.191804 0.504043 0.134291 0.129715
1 0.326542 0.616648 0.136081 0.079580
1 0.324528 0.521949 0.139215 0.119370
1 0.188939 0.382047 0.117728 0.150406
1 0.317589 0.397407 0.151301 0.159955
1 0.450314 0.417268 0.118624 0.140925
1 0.529321 0.430829 0.042078 0.107433
1 0.531112 0.534284 0.056402 0.107433
1 0.572294 0.518766 0.043868 0.106637
1 0.578561 0.610283 0.050135 0.095496
1 0.533350 0.622220 0.051926 0.068439