1 0.383330 0.355274 0.058277 0.038378
1 0.217470 0.229246 0.058675 0.047972
1 0.270685 0.227136 0.060040 0.041448
1 0.274439 0.265129 0.059357 0.036842
1 0.327655 0.225024 0.066180 0.045669
1 0.488039 0.354342 0.053539 0.031715
1 0.266538 0.358339 0.056856 0.036512
1 0.324342 0.357673 0.065384 0.037845
1 0.450916 0.261836 0.058324 0.030116
1 0.390958 0.266767 0.066332 0.023986
1 0.333392 0.265167 0.046906 0.028783
1 0.853079 0.201498 0.085325 0.036512
1 0.385307 0.232892 0.065498 0.055264
1 0.509821 0.255919 0.071638 0.033772
1 0.304458 0.319242 0.068909 0.052961