1 0.355183 0.885725 0.058478 0.151815
1 0.522911 0.055663 0.181931 0.098951
1 0.364650 0.064694 0.134592 0.123944
1 0.239805 0.070694 0.105817 0.141389
1 0.116259 0.077145 0.134592 0.148515
1 0.135659 0.510313 0.074257 0.186469
1 0.073468 0.511963 0.079827 0.176568
1 0.024203 0.496287 0.048406 0.178218
1 0.023275 0.336222 0.046550 0.211221
1 0.067899 0.329620 0.057550 0.214521
1 0.124520 0.333745 0.068688 0.186469
1 0.810473 0.507838 0.154084 0.198020
1 0.919539 0.294141 0.121597 0.301980
1 0.786339 0.268565 0.137376 0.303630
1 0.618332 0.487210 0.228342 0.189769
1 0.604409 0.277639 0.243193 0.265677
1 0.437794 0.488861 0.145730 0.163366
1 0.430832 0.319719 0.144802 0.178218
1 0.267466 0.480611 0.211634 0.143564
1 0.256327 0.305693 0.211634 0.183168
1 0.064187 0.816420 0.072401 0.145215
1 0.053048 0.666254 0.068688 0.148515
1 0.120808 0.813943 0.066832 0.133663
1 0.118487 0.671204 0.078899 0.174917
1 0.279533 0.667904 0.061262 0.125413
1 0.202955 0.685230 0.117884 0.163366
1 0.178821 0.832920 0.054765 0.138614
1 0.249366 0.823018 0.090037 0.234323
1 0.297169 0.835395 0.055693 0.199670
1 0.345436 0.719059 0.074257 0.188119
1 0.419230 0.903878 0.065903 0.161716
1 0.412732 0.738036 0.080755 0.216172