1 0.284148 0.447963 0.059762 0.031095
1 0.281534 0.412667 0.059015 0.037818
1 0.225134 0.413087 0.056773 0.037818
1 0.232977 0.368966 0.057520 0.036977
1 0.329344 0.373589 0.056026 0.031935
1 0.416744 0.372328 0.054532 0.040339
1 0.434636 0.346275 0.054458 0.035297
1 0.470866 0.372328 0.050723 0.042020
1 0.228442 0.478226 0.057064 0.029472
1 0.226989 0.448375 0.058101 0.031515
1 0.582941 0.313282 0.050200 0.036809
1 0.530858 0.314289 0.051096 0.046894
1 0.859403 0.225588 0.046066 0.025562
1 0.349886 0.416448 0.070220 0.042020
1 0.348392 0.449434 0.067232 0.033196
1 0.341669 0.482419 0.056773 0.036137
1 0.285642 0.479688 0.055279 0.034036
1 0.441654 0.448725 0.047726 0.037643
1 0.576576 0.379336 0.052889 0.030759